
40 36 11.11 N  80 6 41.69 W
40 36 10.10 N  80 6 44.72 W
40 36 09.03 N  80 6 47.28 W
40 36 07.25 N  80 6 46.17 W
40 36 07.21 N  80 6 45.53 W
40 36 08.15 N  80 6 44.05 W
40 36 08.62 N  80 6 43.99 W
40 36 09.25 N  80 6 42.72 W
40 36 09.10 N  80 6 42.30 W
40 36 09.49 N  80 6 41.62 W
40 36 09.87 N  80 6 41.45 W
40 36 10.95 N  80 6 38.91 W
40 36 11.83 N  80 6 39.12 W

40.00308611111111, -80.01158055555555
40.002805555555554, -80.01242222222223
40.00250833333333, -80.01313333333333
40.00201388888889, -80.012825
40.002002777777776, -80.01264722222223
40.00226388888889, -80.01223611111111
40.00239444444444, -80.01221944444444
40.00256944444445, -80.01186666666666
40.00252777777778, -80.01175
40.00263611111111, -80.0115611111111
40.002741666666665, -80.01151388888889
40.00304166666667, -80.01080833333333
40.00328611111111, -80.01086666666667

(584428.0), 4428590.0) => (192.0, 144.0)
(584434.0), 4428563.0) => (198.0, 117.0)
(584374.0), 4428529.0) => (138.0, 83.0)
(584370.0), 4428517.0) => (134.0, 71.0)
(584354.0), 4428505.0) => (118.0, 59.0)
(584344.0), 4428510.0) => (108.0, 64.0)
(584314.0), 4428490.0) => (78.0, 44.0)
(584313.0), 4428475.0) => (77.0, 29.0)
(584278.0), 4428446.0) => (42.0, 0.0)
(584263.0), 4428447.0) => (27.0, 1.0)
(584236.0), 4428502.0) => (0.0, 56.0)
(584296.0), 4428535.0) => (60.0, 89.0)
(584368.0), 4428567.0) => (132.0, 121.0)

      